151644
8948
198
2610
525
264
10950
17847
13
151645
198
151644
872
198
8327
22160
47116
32411
264
2613
9960
1614
448
264
3460
2169
1614
13
576
9960
54625
3807
11211
817
3019
26
279
2169
87856
1105
304
264
3175
7162
291
4637
1494
13
1416
279
9960
594
1790
34841
7982
32908
448
279
2169
594
11
279
11211
525
11666
2041
4623
2169
34447
13
1913
82055
1599
17
33764
49395
11
279
27228
6113
451
6325
8473
279
9960
1393
279
13940
8473
279
2169
1526
93676
7208
13
576
2410
54883
22670
13469
9934
8692
1526
5264
3140
2385
48883
5517
24160
63515
13
72434
17102
70771
20
55
4938
518
220
17
17
23
18865
817
2086
15354
678
2326
12564
29000
4332
14324
2041
31039
13
1096
25271
279
2783
315
279
97782
1424
1847
311
264
6500
8447
18198
4751
1091
264
2118
4938
2615
13
31441
2022
11088
264
8622
3476
25
279
220
19
15257
4680
220
16
21
15257
15099
3561
14035
15504
279
451
6325
4938
42872
311
17267
264
8338
315
279
293
3649
16
21
25869
1393
279
472
29423
4621
4712
8473
279
409
30448
1506
77087
29720
13
3197
279
14324
525
10272
1506
448
9519
16052
1380
6529
897
323
2550
40479
7146
518
220
23
15257
11
279
11666
4379
76411
1182
8841
279
19057
16574
25869
13
576
10856
2456
3941
855
7559
323
16895
374
264
4628
454
429
28405
448
279
4193
4379
13
10956
22160
47116
32411
264
2613
9960
1614
448
264
3460
2169
1614
13
576
9960
54625
3807
11211
817
3019
26
279
2169
87856
1105
304
264
3175
7162
291
4637
1494
13
1416
279
9960
594
1790
34841
7982
32908
448
279
2169
594
11
279
11211
525
11666
2041
4623
2169
34447
13
1913
82055
1599
17
33764
49395
11
279
27228
6113
451
6325
8473
279
9960
1393
279
13940
8473
279
2169
1526
93676
7208
13
576
2410
54883
22670
13469
9934
8692
1526
5264
3140
2385
48883
5517
24160
63515
13
72434
17102
70771
20
55
4938
518
220
17
17
23
18865
817
2086
15354
678
2326
12564
29000
4332
14324
2041
31039
13
1096
25271
279
2783
315
279
97782
1424
1847
311
264
6500
8447
18198
4751
1091
264
2118
4938
2615
13
31441
2022
11088
264
8622
3476
25
279
220
19
15257
4680
220
16
21
15257
15099
3561
14035
15504
279
451
6325
4938
42872
311
17267
264
8338
315
279
293
3649
16
21
25869
1393
279
472
29423
4621
4712
8473
279
409
30448
1506
77087
29720
13
3197
279
14324
525
10272
1506
448
9519
16052
1380
6529
897
323
2550
40479
7146
518
220
23
15257
11
279
11666
4379
76411
1182
8841
279
19057
16574
25869
13
576
10856
2456
3941
855
7559
323
16895
374
264
4628
454
429
28405
448
279
4193
4379
13
10956
22160
47116
32411
264
2613
9960
1614
448
264
3460
2169